 System Fe-O-e(Spinel)
    3    7    5    6    2    6    6    2    2    2
 Fe                       O                        e(Spinel)
    55.84500000              15.99940000               0.00054858
   6   1   2   3   4   5   6
   6   1   2   3   4   5   6
 gas_ideal
 IDMX
 O
   4  3    0.0    1.0    0.0
  2200.0000      242682.20     -30.020448     -19.964968     -.13194946E-03
 0.61589319E-08 -29327.439
 1  83.809856       0.50
  6000.0000     -84471.471      186.78944     -38.050669     0.00000000
 0.00000000      12120739.
 2  70811.436      99.00 -8330.8535       0.50
  6001.0000      236685.00     -8.3771889     -22.291487     0.00000000
 0.00000000     0.00000000
 1 0.00000000       0.00
 O2
   4  4    0.0    2.0    0.0
  1000.0000     -5219.3324     -12.179856     -26.924057     -.84893408E-02
 0.11276942E-05 -114664.63
 1 -316.64663       0.50
  4000.0000     -389938.78      638.67678     -89.681327     0.72372244E-03
 0.00000000      9341343.0
 2 -16506.149       0.50  95803.960      99.00
  6000.0000     -8951197.1      2742.7612     -249.17312     0.00000000
 0.00000000     0.59248921E+09
 2 -139742.68       0.50  1674792.2      99.00
  6001.0000     -42014.302      116.92408     -44.371534     0.00000000
 0.00000000     0.00000000
 1 0.00000000       0.00
 O3
   4  3    0.0    3.0    0.0
  1900.0000      200310.28      315.13014     -76.555764     0.46115697E-02
 -.32267167E-06 -821844.45
 1 -15871.007      99.00
  6000.0000     -95706.532      344.94952     -73.713624     0.00000000
 0.00000000      9320171.5
 2  47079.583      99.00 -6138.3410       0.50
  6001.0000      107048.81      191.83924     -61.231023     0.00000000
 0.00000000     0.00000000
 1 0.00000000       0.00
 Fe
   4  1    1.0    0.0    0.0
  6000.0000      398104.44      8.2908473     -27.062112     0.00000000
 0.00000000     0.00000000
 1 0.00000000       0.00
 FeO
   4  4    1.0    1.0    0.0
  1600.0000      264803.57      73.878100     -45.086391     0.24171143E-02
 -.21947562E-06 -253638.11
 1 -5386.0381      99.00
  3900.0000     -835030.31      1185.8168     -140.03746     0.13685586E-02
 0.00000000      31173911.
 2  253414.30      99.00 -37141.239       0.50
  6000.0000      2605868.6     -473.96633     -2.4118912     0.00000000
 0.00000000     -.15109282E+09
 2 -436463.46      99.00  32771.727       0.50
  6001.0000      215668.36      70.785429     -43.832320     0.00000000
 0.00000000     0.00000000
 1 0.00000000       0.00
 Spinel
 SUBLM
 0.333333     0.280000
 Fe3O4
  16  1    3.0    4.0    0.0
  2500.0000     -1140236.6      1015.0673     -174.83249     -.81491956E-02
 0.00000000      1445276.1
 1 0.00000000       0.00
  848.000      44.5400
 Fe3O4[1-]
  16  1    3.0    4.0    1.0
  2500.0000     -1140236.6      1015.0673     -174.83249     -.81491956E-02
 0.00000000      1445276.1
 1 0.00000000       0.00
  424.000      22.2700
 Fe3O4[1+]
  16  1    3.0    4.0   -1.0
  2500.0000     -1171465.7      1037.1303     -174.83249     -.81491956E-02
 0.00000000      1445276.1
 1 0.00000000       0.00
 0.000000     0.000000
 Fe3O4[2-]
  16  1    3.0    4.0    2.0
  2500.0000     -1093226.1      993.00428     -174.83249     -.81491956E-02
 0.00000000      1445276.1
 1 0.00000000       0.00
 0.000000     0.000000
 Fe1O4[5-]
  16  1    1.0    4.0    5.0
  2500.0000     -784522.89      753.59547     -124.88035     -.58208540E-02
 0.00000000      1032340.1
 1 0.00000000       0.00
 0.000000     0.000000
 Fe1O4[6-]
  16  1    1.0    4.0    6.0
  2500.0000     -737512.34      731.53244     -124.88035     -.58208540E-02
 0.00000000      1032340.1
 1 0.00000000       0.00
 0.000000     0.000000
   2
  1.00000      2.00000
   2   3
 Fe[2+]T                  Fe[3+]T
 Fe[2+]O                  Fe[3+]O                  Va[0]O
   1   2   2   1   2   1
   2   1   2   1   3   3
   3
   1   2   5   1
  141.33333      7.4233333
   3
   1   3   4   1
  2544.0000      133.62000
   3
   1   4   5   1
  848.00000      44.540000
   3
   2   3   4   1
  2544.0000      133.62000
   3
   2   3   5   1
 -5088.0000     -267.24000
   0
   0
 Monoxide
 QKTOM
 0.333333     0.280000
 FeO
  16  2    1.0    1.0    0.0
  2500.0000     -285203.50      274.24549     -49.194440     -.46784773E-02
 0.00000000      297568.83
 1  574.44693      99.00
  9000.0000     -310622.30      458.63821     -72.721396     0.00000000
 0.00000000     0.00000000
 1 0.00000000       0.00
 0.000000     0.000000
  1.00000      2
 (Fe2O3):2
  16  2    1.0 1.5000    0.0
  2500.0000     -523137.96      73.370190     -26.968094     -.88350710E-02
 0.00000000      1498519.0
 1  25471.091      99.00
  9000.0000     -427614.67      514.62058     -80.852340     0.00000000
 0.00000000     0.00000000
 1 0.00000000       0.00
 0.000000     0.000000
  1.00000      2
   0
   2
   1   2   1   1 -59412.800     0.00000000     0.00000000     0.00000000
 0.00000000     0.00000000
   2
   1   2   2   1  42676.800     0.00000000     0.00000000     0.00000000
 0.00000000     0.00000000
   0
 Liq(Matte_Metal)
 SUBG
  2.40000
   3   5
 Fe
   4  2    1.0    0.0    0.0
  1811.0000      13265.870      117.57557     -23.514300     -.43975200E-02
 -.58927000E-07  77358.999
 1 -.36751551E-20   7.00
  6000.0000     -10838.838      291.30200     -46.000001     0.00000000
 0.00000000     0.00000000
 1 0.00000000       0.00
  1.00000      1.00000     0.000000     0.000000     0.000000
 O
   4  2    0.0    1.0    0.0
  2990.0000      121184.75      136.04063     -24.500000     -.98420000E-03
 -.12938117E-06  322517.20
 1 0.00000000       0.00
  3000.0000      102133.28      231.98444     -36.200000     0.00000000
 0.00000000     0.00000000
 1 0.00000000       0.00
  1.00000      1.00000     0.000000     0.000000     0.000000
 Fe3+
   4  2    1.0    0.0    0.0
  1811.0000      19541.870      117.57557     -23.514300     -.43975200E-02
 -.58927000E-07  77358.999
 1 -.36751551E-20   7.00
  6000.0000     -4562.8381      291.30200     -46.000001     0.00000000
 0.00000000     0.00000000
 1 0.00000000       0.00
  1.00000      1.00000     0.000000     0.000000     0.000000
   3   1
 Fe                       O                        Fe3+
 Va
  1.00000      1.00000      1.00000
   1   2   1
  1.00000
   1
   1   2   3
   1   1   1
   1   1   4   4  6.0000000      6.0000000      6.0000000      6.0000000
   2   2   4   4  6.0000000      6.0000000      6.0000000      6.0000000
   3   3   4   4  6.0000000      6.0000000      6.0000000      6.0000000
   1   2   4   4  2.0000000      2.0000000      2.0000000      2.0000000
   2   3   4   4  2.0000000      3.0000000      2.4000000      2.4000000
   3
 G   1   2   4   4   0   0   0   0
 0.00000000       0.00 0.00000000       0.00 0.00000000       0.00
 0.00000000       0.00 0.00000000       0.00 0.00000000       0.00
   0   0 -391580.56     0.00000000     0.00000000     0.00000000
 0.00000000     0.00000000
   3
 G   1   2   4   4   1   0   0   0
 0.00000000       0.00 0.00000000       0.00 0.00000000       0.00
 0.00000000       0.00 0.00000000       0.00 0.00000000       0.00
   0   0  129778.63     -30.334000     0.00000000     0.00000000
 0.00000000     0.00000000
   3
 G   2   3   4   4   0   0   0   0
 0.00000000       0.00 0.00000000       0.00 0.00000000       0.00
 0.00000000       0.00 0.00000000       0.00 0.00000000       0.00
   0   0 -394551.20      12.552000     0.00000000     0.00000000
 0.00000000     0.00000000
   3
 G   2   3   4   4   0   2   0   0
 0.00000000       0.00 0.00000000       0.00 0.00000000       0.00
 0.00000000       0.00 0.00000000       0.00 0.00000000       0.00
   0   0  83680.000     0.00000000     0.00000000     0.00000000
 0.00000000     0.00000000
   3
 B   1   3   4   4   0   0   1   0
 0.00000000       0.00 0.00000000       0.00 0.00000000       0.00
 0.00000000       0.00 0.00000000       0.00 0.00000000       0.00
   2   0  30543.200     -44.004138     0.00000000     0.00000000
 0.00000000     0.00000000
   3
 B   1   2   4   4   1   0   1   0
 0.00000000       0.00 0.00000000       0.00 0.00000000       0.00
 0.00000000       0.00 0.00000000       0.00 0.00000000       0.00
   3   0 0.00000000     0.00000000     0.00000000     0.00000000
 0.00000000     0.00000000
   3
 G   1   3   4   4   0   0   0   0
 0.00000000       0.00 0.00000000       0.00 0.00000000       0.00
 0.00000000       0.00 0.00000000       0.00 0.00000000       0.00
   0   0  83680.000     0.00000000     0.00000000     0.00000000
 0.00000000     0.00000000
   0
 Liq(Matte_Metal)
 SUBG
  2.40000
   3   5
 Fe
   4  2    1.0    0.0    0.0
  1811.0000      13265.870      117.57557     -23.514300     -.43975200E-02
 -.58927000E-07  77358.999
 1 -.36751551E-20   7.00
  6000.0000     -10838.838      291.30200     -46.000001     0.00000000
 0.00000000     0.00000000
 1 0.00000000       0.00
  1.00000      1.00000     0.000000     0.000000     0.000000
 O
   4  2    0.0    1.0    0.0
  2990.0000      121184.75      136.04063     -24.500000     -.98420000E-03
 -.12938117E-06  322517.20
 1 0.00000000       0.00
  3000.0000      102133.28      231.98444     -36.200000     0.00000000
 0.00000000     0.00000000
 1 0.00000000       0.00
  1.00000      1.00000     0.000000     0.000000     0.000000
 Fe3+
   4  2    1.0    0.0    0.0
  1811.0000      19541.870      117.57557     -23.514300     -.43975200E-02
 -.58927000E-07  77358.999
 1 -.36751551E-20   7.00
  6000.0000     -4562.8381      291.30200     -46.000001     0.00000000
 0.00000000     0.00000000
 1 0.00000000       0.00
  1.00000      1.00000     0.000000     0.000000     0.000000
   3   1
 Fe                       O                        Fe3+
 Va
  1.00000      1.00000      1.00000
   1   2   1
  1.00000
   1
   1   2   3
   1   1   1
   1   1   4   4  6.0000000      6.0000000      6.0000000      6.0000000
   2   2   4   4  6.0000000      6.0000000      6.0000000      6.0000000
   3   3   4   4  6.0000000      6.0000000      6.0000000      6.0000000
   1   2   4   4  2.0000000      2.0000000      2.0000000      2.0000000
   2   3   4   4  2.0000000      3.0000000      2.4000000      2.4000000
   3
 G   1   2   4   4   0   0   0   0
 0.00000000       0.00 0.00000000       0.00 0.00000000       0.00
 0.00000000       0.00 0.00000000       0.00 0.00000000       0.00
   0   0 -391580.56     0.00000000     0.00000000     0.00000000
 0.00000000     0.00000000
   3
 G   1   2   4   4   1   0   0   0
 0.00000000       0.00 0.00000000       0.00 0.00000000       0.00
 0.00000000       0.00 0.00000000       0.00 0.00000000       0.00
   0   0  129778.63     -30.334000     0.00000000     0.00000000
 0.00000000     0.00000000
   3
 G   2   3   4   4   0   0   0   0
 0.00000000       0.00 0.00000000       0.00 0.00000000       0.00
 0.00000000       0.00 0.00000000       0.00 0.00000000       0.00
   0   0 -394551.20      12.552000     0.00000000     0.00000000
 0.00000000     0.00000000
   3
 G   2   3   4   4   0   2   0   0
 0.00000000       0.00 0.00000000       0.00 0.00000000       0.00
 0.00000000       0.00 0.00000000       0.00 0.00000000       0.00
   0   0  83680.000     0.00000000     0.00000000     0.00000000
 0.00000000     0.00000000
   3
 B   1   3   4   4   0   0   1   0
 0.00000000       0.00 0.00000000       0.00 0.00000000       0.00
 0.00000000       0.00 0.00000000       0.00 0.00000000       0.00
   2   0  30543.200     -44.004138     0.00000000     0.00000000
 0.00000000     0.00000000
   3
 B   1   2   4   4   1   0   1   0
 0.00000000       0.00 0.00000000       0.00 0.00000000       0.00
 0.00000000       0.00 0.00000000       0.00 0.00000000       0.00
   3   0 0.00000000     0.00000000     0.00000000     0.00000000
 0.00000000     0.00000000
   3
 G   1   3   4   4   0   0   0   0
 0.00000000       0.00 0.00000000       0.00 0.00000000       0.00
 0.00000000       0.00 0.00000000       0.00 0.00000000       0.00
   0   0  83680.000     0.00000000     0.00000000     0.00000000
 0.00000000     0.00000000
   0
 bcc
 SUBLM
  1.00000     0.400000
 Fe:Va
  16  2    1.0    0.0    0.0
  1811.0000      1225.7000      124.13400     -23.514300     -.43975200E-02
 -.58927000E-07  77358.999
 1 0.00000000       0.00
  6000.0000     -25383.580      299.31256     -46.000001     0.00000000
 0.00000000     0.00000000
 1 0.22960300E+32  -9.00
  1043.00      2.22000
 O:Va
  16  1    0.0    1.0    0.0
  2000.0000      120184.75      139.14063     -24.500000     -.98420000E-03
 -.12938117E-06  322517.20
 1 0.00000000       0.00
 0.000000     0.000000
   2
  1.00000      3.00000
   2   1
 Fe                       O
 Va
   1   2
   1   1
   0
   3
   1   2   3   1
 -315149.19      20.693493     0.00000000     0.00000000     0.00000000
 0.00000000
   0
 fcc
 SUBLM
 0.333333     0.280000
 Fe:Va
  16  2    1.0    0.0    0.0
  1811.0000     -236.70017      132.41600     -24.664300     -.37575201E-02
 -.58927000E-07  77358.999
 1 0.00000000       0.00
  6000.0000     -27097.395      300.25257     -46.000001     0.00000000
 0.00000000     0.00000000
 1 0.27885400E+32  -9.00
 -201.000     -2.10000
 O:Va
  16  1    0.0    1.0    0.0
  2000.0000      120184.75      139.14063     -24.500000     -.98420000E-03
 -.12938117E-06  322517.20
 1 0.00000000       0.00
 0.000000     0.000000
   2
  1.00000      1.00000
   2   1
 Fe                       O
 Va
   1   2
   1   1
   0
   3
   1   2   3   1
 -315652.63      27.614400     0.00000000     0.00000000     0.00000000
 0.00000000
   0
 Fe2O3_hematite(s)
  16  2    2.0    3.0    0.0
  2500.0000     -859683.05      828.05005     -137.00893     0.00000000
 0.00000000      1453820.0
 1 0.00000000       0.00
  2501.0000     -857356.94      823.71230     -136.54371     0.00000000
 0.00000000     0.00000000
 1 0.00000000       0.00
 -2867.00     -25.1000     0.333333     0.280000
 Fe_bcc(s)               #
  16  2    1.0    0.0    0.0
  1811.0000      1225.7000      124.13400     -23.514300     -.43975200E-02
 -.58926900E-07  77358.500
 1 0.00000000       0.00
  1812.0000     -24287.831      298.76801     -46.000000     0.00000000
 0.00000000     0.00000000
 1 0.00000000       0.00
  1043.00      2.22000      1.00000     0.400000
